6976623801017
6942349743955
6941349360711
6932511219333
6941349381846
6941349379812
6942349717116
6942349708886
6929428206945
6929428206952
6942349737428
6942349708909
6942349717284
6942349713491
3574661450964
8886467068812
8886467068805
8886467068799
77043357644
77043003466
77043104507
77043103609
77043358023
77043355862
4005808668861
5900017087665
4005900612090
42355083
8999777011826
9005800352367
5900017080628
3600542468466
3600542446198
3600524076085
3600524165185
3600524128968
3600523959631
3600524053147
8994993016013
3600524019587
6294016925769
3600541897694
3600541729711
3600542536868
6974388193750
3600542488051
5021044025908
3600540676627
3610340656040
8994993028894
3600542105286
8859362515422
5060120163424
7531829534276
6930236309308
8901138008369
5907609345707
3574660310405
3574660149807
5012251013499
5012251013390
8999999053048
8999999562199
8999999053062
8999999058340
8999999053031
8851932407915
8851932407908
5011451103870
5011451103863
5011451104020
8710908710773
8901030953941
8710908708787
8710447473832
8720181157134
8720181476846
8720181476877
8720181476853
5011451103931
5011451103948
87300700076
362032050515
362032050522
362032050539
358892336500
358892326501
893689001181
3350900002589
3350900000264
3350900003104
3350900000011
3350900003128
769915233537
769915234053
769915194852
769915193626
769915231724
769915190281
769915195606
769915196009
769915233490
769915195712
769915195941
8800272720970
8800272720949
8800272720963
8800272720956
8809438489805
8809438489843
8809438489850
8809438489133
8809438489126
8809438489010
8809438489829
8809438489836
8809667080446
8809438488990
8809667080354
8809438489003
8850008800230
8850008800254
8802547874623
709257078335
892717001162
70501116906
3574661288376
3574661351711
3574661287263
3574661287256
3574661520353
3574661639208
3574661336657
70501017128
3574660245844
3574661529240
3574661333595
3574661835570
3574660569759
3574661073224
3574661292113
5904125995461
8859690411328
8859690409790
8859690410437
8859690400346
8859690407123
8859690408847
635494334203
3606000499607
733739076847
8809317118628
6921199122189
6921199122172
6921199101832
6921199199822
6921199119387
6930236309889
8809305993831
4806500238822
4806500238815
6398565103149
6921199196913
4897075016021
6971764150154
6971764150161
79656000078
733739081902
71661009749
6297001217634
4000196901187
60018915
60019066
6001085121028
60018960
6001085120946
4005808858743
72140032258
4005900480392
4005800321320
4005800119361
4005900492944
4005800108464
4005800182037
4005800295485
4005900871237
4005900570796
4005800210617
4005900552372
72140633820
4005800034329
4005800034428
4005800288296
4005800283079
4005800036798
4005800194849
4005800192883
4005800347467
72140019433
72140634827
72140003043
72140020491
72140000219
8680923356389
8680923356143
8680923356037
8680923356150
8680923356167
8680923355016
8680923355023
8680923355030
8680923355047
8680923355061
8680923355078
8680923355054
8680923361444
8680923355115
8680923355085
8680923355092
8680923356273
8680923354972
8680923358000
8680923355993
8680923355146
8680923355139
8680923355238
8680923355252
8680923355245
8680923360195
8680923360188
8680923355214
8680923355221
8680923354965
8680923354958
8680923354989
8680923355153
8680923354941
8680923354996
8680923356402
8680923356419
8680923356396
8680923356426
8680923361345
8680923361451
8680923355160
8680923355184
8680923355177
8680923355191
8680923355207
5281019046677
5281019046684
8806358568207
8800261260579
8901030769504
4005900008442
9005800358840
4005808166190
42164104
3574661656014
77043104736
6971764159508
6971764154909
6971764154954
6971764154923
6971764154930
6971764154893
6971764157658
6971764157627
6971764157641
6971764157634
6971764157665
6971764157610
6971764157962
6971764157979
6971764157931
6971764157986
6971764157290
6971764152547
6971764152554
6971764158518
6971764158501
6971764158549
6971764158525
6971764158532
8436575091129
8436575091136
8436575091648
8436575098012
8436575098029
8436575098036
3760074270279
3760074270194
303160227066
303160228551
3760019121642
5901643177546
5901643177560
5901643177584
8000921303107
5997001720554
5997001720752
8017990166793
5902802707789
5902802707796
5902802705891
5906071003641
5906071023021
5906071044651
5906071028798
5906071028187
5906071043340
5902802708205
5902802708175
5906071004402
5906071023045
5906071023076
5906071027814
5906071023069
5906071023038
5906071022963
5902802705969
5902802706492
5906071043333
5902802700506
5906071007809
5906071002705
5906071043784
5906071049366
5902802700414
5906071009285
5906071029443
9314839002632
9314839002618
9314839019890
9314839008948
9314839008955
9314839015427
9314839017476
9314839021350
9314839006876
9314839021206
5902802700827
4103040036308
4103040130167
4103040043726
4103040147738
4103040043580
8435534412982
8435534412753
8435534410148
8435534410124
8013134009360
8013134009384
8013134009308
8013134009292
