8809447253527
8809447251400
8809875456477
8809875456484
8809875457801
8809875457887
8809875457825
8809875457788
8809447255101
8809447255385
8809875457979
8809447255071
8809447257051
5031413930214
8809700320805
8809732911880
8809886482366
8809822540587
5031413940732
8809127599518
8809732910791
8809800941160
5031413936063
5031413920949
5031413935974
5031413936032
5031413913774
5031413920888
8809822540464
8809738596869
5031413936001
5031413938777
8809875456033
8809447256085
8809647391951
8809647392668
8809647393276
5031413920925
5031413922295
8809695240591
8809695240515
8809447255286
5031413938746
3760245850712
8809562193302
8809525936274
8809562193326
8809562192763
8809875454275
5031413921632
5031413931464
