8025026275616
8025026277399
8025026274800
8025026280832
8025026008962
8025026281488
8025026281495
8025026008672
8025026277863
8025026272028
8025026007521
8025026278266
8025026273766
8025026274596
8025026274565
8025026273810
8025026281662
8025026271977
8025026277412
8025026008313
8025026008474
8025026270536
8025026280825
8025026271984
5060743580639
5060743580950
5060743580943
5060743580912
5060743580905
5060743580936
5060743580929
5060743580783
5060743580714
3474637188207
3474636975570
3474636975976
3474636975938
3474636975556
30160668
3474636975587
3474637090531
3474636976072
3474636975921
3474636974429
3474636975396
3474636977307
3474636976119
3474636975952
3474636202447
3474637069155
3474636975679
3474636975297
3474636975211
3474637072483
3474637069162
3474637268435
3474637090609
3474637268510
3474637268381
3474637268206
3474637268459
3474636974269
3474637269012
3474636976133
3600523736836
3600523738632
3600523738625
3600523738649
3610340028502
3610340653865
3610340650659
3600524135720
3600524074876
3600524127961
3600524087593
3600524074739
3600524075651
3600524034931
3600520837963
3600524016265
3600524004538
3600521852972
3600524228040
3610340653650
3610340636691
3600523955015
3610340667275
7509552847598
7509552843026
3600524016234
3600521453315
3600520838014
7509552847505
7509552848021
7509552847529
3610340020025
7509552875010
3600523477777
7509552848007
7509552889543
3610340667237
3610340649653
3600523944354
3610340655197
3610340667268
3600521767818
3610340667251
3600524016272
3600523477821
3474636692408
3474636728336
3474636728268
3474636873999
3474636728305
3474637157906
3474637155063
3474636400195
3474636397433
3474636858033
3474636397495
3474630677630
3474636614103
3474630647770
3474636968688
3474636400218
3474636397969
3474636397945
3474636397884
3474636693214
4008668230971
4008668230957
4008668230964
8033171866177
8033171866153
8033171866061
8033171866191
8033171866054
8033171866108
3474630267596
3474637106331
